0.423065 0.930288 0.877209 0.499914 0.259508 0.345532 1.004965 -2.251500 -0.338201 -0.320389 1.972222 -0.108278
0.422574 0.925001 0.878851 0.493818 0.260198 0.344986 1.005691 -2.251500 -0.338999 -0.320458 1.972222 -0.108978
0.422073 0.919775 0.880421 0.487803 0.260829 0.344460 1.006081 -2.251500 -0.339478 -0.320718 1.972222 -0.109871
0.421562 0.914608 0.881921 0.481868 0.261404 0.343954 1.006187 -2.251500 -0.339690 -0.321130 1.972222 -0.110904
0.421042 0.909500 0.883354 0.476013 0.261925 0.343469 1.006082 -2.251500 -0.339702 -0.321648 1.972222 -0.112015
0.420512 0.904449 0.884721 0.470236 0.262393 0.343003 1.005862 -2.251500 -0.339604 -0.322212 1.972222 -0.113138
0.419975 0.899455 0.886024 0.464536 0.262810 0.342558 1.005557 -2.251500 -0.339423 -0.322807 1.972222 -0.114263
0.419429 0.894518 0.887266 0.458912 0.263178 0.342132 1.005193 -2.251500 -0.339185 -0.323421 1.972222 -0.115386
0.418876 0.889636 0.888448 0.453363 0.263499 0.341726 1.004788 -2.251500 -0.338905 -0.324048 1.972222 -0.116504
0.418316 0.884808 0.889572 0.447889 0.263774 0.341340 1.004356 -2.251500 -0.338599 -0.324682 1.972222 -0.117617
0.417749 0.880034 0.890640 0.442486 0.264006 0.340974 1.003904 -2.251500 -0.338272 -0.325320 1.972222 -0.118726
0.417177 0.875313 0.891653 0.437156 0.264195 0.340627 1.003439 -2.251500 -0.337932 -0.325962 1.972222 -0.119831
0.416598 0.870645 0.892613 0.431896 0.264343 0.340298 1.002964 -2.251500 -0.337582 -0.326606 1.972222 -0.120935
0.416014 0.866027 0.893521 0.426705 0.264451 0.339989 1.002483 -2.251500 -0.337225 -0.327252 1.972222 -0.122037
0.415424 0.861461 0.894380 0.421583 0.264523 0.339697 1.001997 -2.251500 -0.336864 -0.327898 1.972222 -0.123138
0.414830 0.856944 0.895191 0.416528 0.264557 0.339424 1.001508 -2.251500 -0.336499 -0.328546 1.972222 -0.124238
0.414230 0.852476 0.895955 0.411540 0.264557 0.339168 1.001017 -2.251500 -0.336132 -0.329194 1.972222 -0.125339
0.413627 0.848056 0.896673 0.406616 0.264523 0.338930 1.000523 -2.251500 -0.335763 -0.329842 1.972222 -0.126439
0.413019 0.843684 0.897348 0.401757 0.264457 0.338709 1.000029 -2.251500 -0.335393 -0.330491 1.972222 -0.127539
0.412407 0.839359 0.897980 0.396961 0.264360 0.338504 0.999534 -2.251499 -0.335022 -0.331141 1.972222 -0.128640
0.411791 0.835080 0.898571 0.392227 0.264234 0.338315 0.999038 -2.251499 -0.334651 -0.331791 1.972222 -0.129741
0.411172 0.830846 0.899121 0.387553 0.264078 0.338143 0.998815 -2.251499 -0.334523 -0.332109 1.972222 -0.130292
0.410549 0.826657 0.899633 0.382940 0.263895 0.337985 0.998840 -2.251499 -0.334610 -0.332141 1.972222 -0.130385
0.409923 0.822511 0.900108 0.378386 0.263686 0.337843 0.999072 -2.251499 -0.334874 -0.331947 1.972222 -0.130132
0.409293 0.818409 0.900546 0.373891 0.263452 0.337715 0.999455 -2.251500 -0.335265 -0.331604 1.972222 -0.129664
0.408661 0.814349 0.900949 0.369452 0.263194 0.337602 0.999916 -2.251500 -0.335718 -0.331200 1.972222 -0.129130
0.408026 0.810331 0.901318 0.365069 0.262912 0.337502 1.000432 -2.251500 -0.336218 -0.330758 1.972222 -0.128556
0.407388 0.806354 0.901654 0.360742 0.262608 0.337416 1.000986 -2.251500 -0.336749 -0.330292 1.972222 -0.127962
0.406748 0.802418 0.901957 0.356469 0.262283 0.337342 1.001563 -2.251500 -0.337303 -0.329813 1.972222 -0.127359
0.406105 0.798521 0.902230 0.352250 0.261938 0.337282 1.002156 -2.251500 -0.337871 -0.329328 1.972222 -0.126753
0.405460 0.794664 0.902472 0.348083 0.261573 0.337233 1.002759 -2.251500 -0.338448 -0.328839 1.972222 -0.126147
0.404813 0.790845 0.902685 0.343968 0.261189 0.337196 1.003368 -2.251500 -0.339032 -0.328347 1.972222 -0.125541
0.404164 0.787064 0.902870 0.339904 0.260787 0.337171 1.003981 -2.251500 -0.339620 -0.327855 1.972222 -0.124935
0.403513 0.783320 0.903028 0.335890 0.260369 0.337157 1.004596 -2.251500 -0.340210 -0.327362 1.972222 -0.124330
0.402859 0.779614 0.903159 0.331925 0.259934 0.337154 1.005212 -2.251500 -0.340801 -0.326869 1.972222 -0.123726
0.402204 0.775943 0.903264 0.328008 0.259483 0.337161 1.005828 -2.251500 -0.341392 -0.326376 1.972222 -0.123122
0.401548 0.772308 0.903344 0.324139 0.259017 0.337178 1.006444 -2.251500 -0.341982 -0.325884 1.972222 -0.122519
0.400889 0.768708 0.903400 0.320318 0.258538 0.337204 1.007058 -2.251500 -0.342572 -0.325392 1.972222 -0.121915
0.400230 0.765143 0.903432 0.316542 0.258044 0.337240 1.007672 -2.251500 -0.343161 -0.324900 1.972222 -0.121312
0.399568 0.761612 0.903442 0.312811 0.257538 0.337285 1.008284 -2.251500 -0.343749 -0.324409 1.972222 -0.120709
0.398906 0.758114 0.903430 0.309125 0.257019 0.337338 1.008895 -2.251500 -0.344335 -0.323918 1.972222 -0.120105
0.398242 0.754650 0.903396 0.305483 0.256488 0.337400 1.009212 -2.251500 -0.344841 -0.323717 1.972222 -0.119934
0.397577 0.751217 0.903342 0.301885 0.255946 0.337470 1.009276 -2.251500 -0.345265 -0.323762 1.972222 -0.120125
0.396910 0.747817 0.903267 0.298329 0.255393 0.337547 1.009142 -2.251500 -0.345610 -0.324000 1.972222 -0.120592
0.396243 0.744449 0.903173 0.294814 0.254830 0.337631 1.008875 -2.251500 -0.345891 -0.324364 1.972222 -0.121234
0.395575 0.741111 0.903060 0.291341 0.254258 0.337723 1.008551 -2.251500 -0.346129 -0.324776 1.972222 -0.121932
0.394905 0.737804 0.902929 0.287908 0.253676 0.337821 1.008187 -2.251500 -0.346335 -0.325220 1.972222 -0.122664
0.394235 0.734527 0.902780 0.284516 0.253085 0.337926 1.007796 -2.251500 -0.346518 -0.325681 1.972222 -0.123414
0.393564 0.731280 0.902613 0.281162 0.252485 0.338037 1.007388 -2.251500 -0.346686 -0.326153 1.972222 -0.124171
0.392892 0.728062 0.902430 0.277847 0.251878 0.338154 1.006969 -2.251500 -0.346844 -0.326630 1.972222 -0.124931
0.392220 0.724873 0.902231 0.274571 0.251263 0.338277 1.006542 -2.251500 -0.346994 -0.327110 1.972222 -0.125690
0.391547 0.721713 0.902016 0.271331 0.250641 0.338404 1.006111 -2.251500 -0.347139 -0.327591 1.972222 -0.126449
0.390874 0.718580 0.901785 0.268129 0.250012 0.338538 1.005676 -2.251500 -0.347280 -0.328073 1.972222 -0.127206
0.390200 0.715475 0.901540 0.264963 0.249377 0.338675 1.005238 -2.251500 -0.347419 -0.328555 1.972222 -0.127962
0.389525 0.712398 0.901280 0.261833 0.248735 0.338818 1.004799 -2.251500 -0.347556 -0.329037 1.972222 -0.128716
0.388850 0.709347 0.901007 0.258738 0.248088 0.338965 1.004359 -2.251500 -0.347692 -0.329518 1.972222 -0.129469
0.388175 0.706323 0.900719 0.255677 0.247435 0.339116 1.003919 -2.251500 -0.347827 -0.330000 1.972222 -0.130220
0.387500 0.703325 0.900419 0.252651 0.246776 0.339272 1.003478 -2.251500 -0.347961 -0.330481 1.972222 -0.130970
0.386824 0.700353 0.900106 0.249659 0.246113 0.339431 1.003037 -2.251500 -0.348095 -0.330961 1.972222 -0.131718
0.386148 0.697406 0.899780 0.246700 0.245446 0.339593 1.002596 -2.251500 -0.348229 -0.331441 1.972222 -0.132465
0.385472 0.694485 0.899442 0.243773 0.244774 0.339759 1.002155 -2.251500 -0.348362 -0.331921 1.972222 -0.133211
0.384796 0.691588 0.899093 0.240879 0.244098 0.339928 1.001912 -2.251500 -0.348415 -0.332172 1.972222 -0.133585
0.384120 0.688715 0.898732 0.238016 0.243418 0.340100 1.001828 -2.251500 -0.348409 -0.332232 1.972222 -0.133643
0.383444 0.685867 0.898360 0.235185 0.242734 0.340275 1.001857 -2.251500 -0.348364 -0.332143 1.972222 -0.133455
0.382768 0.683043 0.897977 0.232384 0.242047 0.340453 1.001951 -2.251500 -0.348300 -0.331958 1.972222 -0.133107
0.382092 0.680242 0.897584 0.229614 0.241357 0.340633 1.002059 -2.251500 -0.348237 -0.331738 1.972222 -0.132699
0.381416 0.677464 0.897181 0.226874 0.240664 0.340815 1.002176 -2.251500 -0.348175 -0.331497 1.972222 -0.132253
0.380740 0.674709 0.896768 0.224163 0.239968 0.341000 1.002297 -2.251500 -0.348112 -0.331244 1.972222 -0.131785
0.380065 0.671977 0.896346 0.221481 0.239269 0.341186 1.002420 -2.251500 -0.348050 -0.330983 1.972222 -0.131305
0.379390 0.669267 0.895914 0.218828 0.238568 0.341375 1.002545 -2.251500 -0.347987 -0.330720 1.972222 -0.130819
0.378715 0.666579 0.895473 0.216203 0.237865 0.341565 1.002670 -2.251500 -0.347924 -0.330454 1.972222 -0.130330
0.378041 0.663912 0.895023 0.213607 0.237160 0.341756 1.002795 -2.251500 -0.347861 -0.330187 1.972222 -0.129839
0.377367 0.661268 0.894565 0.211037 0.236453 0.341949 1.002920 -2.251500 -0.347798 -0.329920 1.972222 -0.129347
0.376693 0.658644 0.894099 0.208495 0.235745 0.342143 1.003046 -2.251500 -0.347735 -0.329653 1.972222 -0.128855
0.376020 0.656042 0.893625 0.205980 0.235034 0.342338 1.003172 -2.251500 -0.347673 -0.329385 1.972222 -0.128362
0.375347 0.653460 0.893142 0.203491 0.234323 0.342535 1.003298 -2.251500 -0.347610 -0.329118 1.972222 -0.127869
0.374675 0.650899 0.892652 0.201028 0.233610 0.342732 1.003424 -2.251500 -0.347547 -0.328850 1.972222 -0.127376
0.374004 0.648358 0.892155 0.198590 0.232896 0.342930 1.003550 -2.251500 -0.347485 -0.328582 1.972222 -0.126883
0.373333 0.645837 0.891651 0.196178 0.232181 0.343129 1.003676 -2.251500 -0.347423 -0.328315 1.972222 -0.126391
0.372663 0.643335 0.891140 0.193791 0.231465 0.343328 1.003803 -2.251500 -0.347361 -0.328047 1.972222 -0.125898
0.371994 0.640854 0.890621 0.191428 0.230749 0.343528 1.003930 -2.251500 -0.347299 -0.327779 1.972222 -0.125406
0.371325 0.638391 0.890097 0.189090 0.230032 0.343728 1.004058 -2.251500 -0.347342 -0.327257 1.972222 -0.124534
0.370657 0.635947 0.889566 0.186776 0.229314 0.343928 1.004197 -2.251500 -0.347465 -0.326524 1.972222 -0.123342
0.369990 0.633523 0.889028 0.184486 0.228596 0.344128 1.004351 -2.251500 -0.347642 -0.325629 1.972222 -0.121903
0.369323 0.631117 0.888485 0.182219 0.227878 0.344329 1.004520 -2.251500 -0.347849 -0.324633 1.972222 -0.120303
0.368658 0.628729 0.887935 0.179975 0.227159 0.344529 1.004703 -2.251500 -0.348058 -0.323603 1.972222 -0.118647
0.367993 0.626360 0.887380 0.177753 0.226440 0.344730 1.004895 -2.251500 -0.348269 -0.322552 1.972222 -0.116954
0.367329 0.624008 0.886820 0.175555 0.225722 0.344930 1.005094 -2.251500 -0.348483 -0.321488 1.972222 -0.115241
0.366666 0.621675 0.886254 0.173378 0.225003 0.345130 1.005295 -2.251500 -0.348697 -0.320418 1.972222 -0.113517
0.366004 0.619359 0.885683 0.171223 0.224284 0.345329 1.005500 -2.251500 -0.348913 -0.319343 1.972222 -0.111788
0.365343 0.617060 0.885106 0.169090 0.223566 0.345529 1.005707 -2.251500 -0.349131 -0.318267 1.972222 -0.110056
0.364683 0.614779 0.884525 0.166978 0.222848 0.345727 1.005915 -2.251500 -0.349350 -0.317189 1.972222 -0.108323
0.364024 0.612515 0.883939 0.164888 0.222131 0.345925 1.006126 -2.251500 -0.349570 -0.316111 1.972222 -0.106590
0.363366 0.610267 0.883348 0.162818 0.221413 0.346123 1.006338 -2.251500 -0.349792 -0.315032 1.972222 -0.104858
0.362710 0.608036 0.882752 0.160769 0.220697 0.346319 1.006551 -2.251500 -0.350016 -0.313952 1.972222 -0.103126
0.362054 0.605822 0.882152 0.158740 0.219981 0.346515 1.006767 -2.251500 -0.350242 -0.312872 1.972222 -0.101395
0.361399 0.603624 0.881548 0.156731 0.219266 0.346710 1.006984 -2.251500 -0.350469 -0.311792 1.972222 -0.099665
0.360746 0.601442 0.880940 0.154742 0.218551 0.346905 1.007202 -2.251500 -0.350698 -0.310711 1.972222 -0.097936
0.360094 0.599276 0.880327 0.152773 0.217837 0.347098 1.007423 -2.251500 -0.350928 -0.309631 1.972222 -0.096207
0.359442 0.597126 0.879711 0.150822 0.217124 0.347290 1.007645 -2.251500 -0.351161 -0.308550 1.972222 -0.094480
0.358793 0.594992 0.879090 0.148891 0.216412 0.347481 1.007868 -2.251500 -0.351394 -0.307468 1.972222 -0.092753
0.358144 0.592873 0.878466 0.146979 0.215701 0.347671 1.006926 -2.251500 -0.351161 -0.306935 1.972222 -0.091751
0.357496 0.590769 0.877838 0.145086 0.214991 0.347860 1.004981 -2.251500 -0.350466 -0.306883 1.972222 -0.091343
0.356850 0.588680 0.877207 0.143211 0.214282 0.348048 1.002245 -2.251500 -0.349352 -0.307214 1.972222 -0.091373
0.356205 0.586607 0.876572 0.141354 0.213574 0.348235 0.998975 -2.251500 -0.347906 -0.307807 1.972222 -0.091666
0.355562 0.584548 0.875934 0.139515 0.212867 0.348420 0.995481 -2.251500 -0.346259 -0.308512 1.972222 -0.092026
0.354919 0.582504 0.875293 0.137694 0.212161 0.348604 0.991831 -2.251500 -0.344471 -0.309287 1.972222 -0.092422
0.354279 0.580475 0.874648 0.135890 0.211457 0.348786 0.988083 -2.251500 -0.342592 -0.310103 1.972222 -0.092832
0.353639 0.578460 0.874001 0.134104 0.210753 0.348968 0.984276 -2.251500 -0.340659 -0.310941 1.972222 -0.093245
0.353001 0.576459 0.873350 0.132335 0.210051 0.349147 0.980437 -2.251500 -0.338697 -0.311788 1.972222 -0.093655
0.352364 0.574472 0.872697 0.130583 0.209351 0.349326 0.976583 -2.251500 -0.336721 -0.312638 1.972222 -0.094061
0.351728 0.572500 0.872040 0.128848 0.208652 0.349502 0.972723 -2.251500 -0.334742 -0.313488 1.972222 -0.094465
0.351094 0.570541 0.871381 0.127129 0.207954 0.349677 0.968866 -2.251500 -0.332766 -0.314335 1.972222 -0.094866
0.350461 0.568596 0.870719 0.125427 0.207257 0.349851 0.965016 -2.251500 -0.330800 -0.315178 1.972222 -0.095265
0.349830 0.566664 0.870055 0.123741 0.206562 0.350023 0.961176 -2.251500 -0.328845 -0.316016 1.972222 -0.095663
0.349200 0.564746 0.869388 0.122071 0.205869 0.350193 0.957349 -2.251500 -0.326904 -0.316848 1.972222 -0.096061
0.348572 0.562841 0.868719 0.120417 0.205177 0.350362 0.953535 -2.251500 -0.324979 -0.317675 1.972222 -0.096457
0.347945 0.560950 0.868047 0.118778 0.204487 0.350529 0.949736 -2.251500 -0.323069 -0.318495 1.972222 -0.096854
0.347320 0.559071 0.867373 0.117155 0.203798 0.350694 0.945952 -2.251500 -0.321177 -0.319310 1.972222 -0.097250
0.346696 0.557206 0.866697 0.115547 0.203111 0.350858 0.942183 -2.251500 -0.319301 -0.320118 1.972222 -0.097647
0.346073 0.555353 0.866018 0.113955 0.202425 0.351020 0.938430 -2.251500 -0.317443 -0.320919 1.972222 -0.098043
0.345452 0.553513 0.865337 0.112377 0.201741 0.351180 0.933498 -2.251500 -0.314286 -0.322067 1.972222 -0.098782
0.344833 0.551685 0.864655 0.110814 0.201059 0.351338 0.927511 -2.251500 -0.309990 -0.323535 1.972222 -0.099778
0.344215 0.549870 0.863970 0.109266 0.200379 0.351494 0.920659 -2.251500 -0.304780 -0.325270 1.972222 -0.100941
0.343599 0.548068 0.863284 0.107733 0.199700 0.351649 0.913203 -2.251500 -0.298948 -0.327199 1.972222 -0.102185
0.342984 0.546277 0.862595 0.106213 0.199023 0.351801 0.905477 -2.251500 -0.292860 -0.329221 1.972222 -0.103422
0.342371 0.544499 0.861905 0.104708 0.198347 0.351952 0.897588 -2.251500 -0.286620 -0.331299 1.972222 -0.104655
0.341759 0.542732 0.861213 0.103217 0.197674 0.352101 0.889624 -2.251500 -0.280314 -0.333407 1.972222 -0.105892
0.341149 0.540978 0.860519 0.101740 0.197002 0.352248 0.881649 -2.251500 -0.274005 -0.335523 1.972222 -0.107137
0.340540 0.539235 0.859824 0.100277 0.196332 0.352393 0.873702 -2.251500 -0.267733 -0.337638 1.972221 -0.108398
0.339933 0.537504 0.859127 0.098827 0.195664 0.352536 0.865809 -2.251500 -0.261524 -0.339744 1.972221 -0.109679
0.339328 0.535785 0.858428 0.097391 0.194997 0.352677 0.857985 -2.251500 -0.255392 -0.341838 1.972221 -0.110984
0.338724 0.534077 0.857728 0.095968 0.194333 0.352816 0.850241 -2.251500 -0.249349 -0.343917 1.972221 -0.112316
0.338122 0.532380 0.857027 0.094558 0.193670 0.352953 0.842582 -2.251500 -0.243398 -0.345979 1.972221 -0.113677
0.337521 0.530695 0.856324 0.093161 0.193010 0.353089 0.835011 -2.251500 -0.237545 -0.348024 1.972221 -0.115067
0.336922 0.529021 0.855619 0.091777 0.192351 0.353222 0.827531 -2.251500 -0.231790 -0.350052 1.972221 -0.116487
0.336324 0.527358 0.854914 0.090406 0.191694 0.353353 0.820141 -2.251500 -0.226133 -0.352061 1.972221 -0.117938
0.335729 0.525706 0.854207 0.089047 0.191039 0.353482 0.812841 -2.251500 -0.220575 -0.354053 1.972221 -0.119419
0.335134 0.524064 0.853498 0.087701 0.190385 0.353609 0.805631 -2.251500 -0.215113 -0.356026 1.972221 -0.120929
0.334542 0.522434 0.852789 0.086367 0.189734 0.353734 0.798509 -2.251500 -0.209747 -0.357982 1.972221 -0.122469
0.333951 0.520814 0.852079 0.085046 0.189085 0.353857 0.791474 -2.251500 -0.204476 -0.359920 1.972220 -0.124039
0.333362 0.519205 0.851367 0.083737 0.188437 0.353978 0.784669 -2.251500 -0.199310 -0.362275 1.972220 -0.126262
0.332774 0.517606 0.850654 0.082439 0.187792 0.354097 0.778053 -2.251500 -0.194252 -0.364978 1.972220 -0.129055
0.332188 0.516018 0.849940 0.081154 0.187148 0.354213 0.771583 -2.251500 -0.189304 -0.367945 1.972220 -0.132309
0.331604 0.514440 0.849225 0.079880 0.186507 0.354328 0.765220 -2.251500 -0.184458 -0.371078 1.972220 -0.135885
0.331021 0.512872 0.848510 0.078618 0.185867 0.354441 0.758920 -2.251500 -0.179704 -0.374263 1.972220 -0.139614
0.330440 0.511314 0.847793 0.077367 0.185230 0.354551 0.752677 -2.251500 -0.175029 -0.377483 1.972219 -0.143459
0.329860 0.509767 0.847075 0.076128 0.184594 0.354660 0.746486 -2.251500 -0.170421 -0.380726 1.972219 -0.147389
0.329283 0.508229 0.846357 0.074900 0.183960 0.354766 0.740343 -2.251500 -0.165873 -0.383982 1.972219 -0.151385
0.328707 0.506701 0.845637 0.073684 0.183329 0.354870 0.734244 -2.251500 -0.161380 -0.387246 1.972219 -0.155435
0.328132 0.505183 0.844917 0.072478 0.182699 0.354973 0.728189 -2.251500 -0.156939 -0.390517 1.972219 -0.159535
0.327559 0.503675 0.844196 0.071284 0.182072 0.355073 0.722176 -2.251500 -0.152549 -0.393793 1.972219 -0.163680
0.326988 0.502177 0.843474 0.070100 0.181446 0.355171 0.716203 -2.251500 -0.148208 -0.397074 1.972219 -0.167869
0.326419 0.500688 0.842752 0.068927 0.180822 0.355266 0.710272 -2.251500 -0.143915 -0.400358 1.972219 -0.172100
0.325851 0.499208 0.842029 0.067764 0.180201 0.355360 0.704381 -2.251500 -0.139670 -0.403647 1.972219 -0.176374
0.325284 0.497738 0.841305 0.066612 0.179581 0.355452 0.698530 -2.251500 -0.135473 -0.406939 1.972219 -0.180690
0.324720 0.496277 0.840581 0.065471 0.178964 0.355541 0.692720 -2.251500 -0.131323 -0.410235 1.972219 -0.185048
0.324157 0.494825 0.839856 0.064340 0.178348 0.355629 0.686950 -2.251500 -0.127222 -0.413534 1.972219 -0.189447
0.323596 0.493383 0.839130 0.063219 0.177734 0.355714 0.681221 -2.251500 -0.123168 -0.416837 1.972219 -0.193889
0.323036 0.491950 0.838404 0.062108 0.177123 0.355797 0.675534 -2.251500 -0.119162 -0.420143 1.972219 -0.198373
0.322478 0.490525 0.837677 0.061008 0.176513 0.355878 0.669887 -2.251500 -0.115204 -0.423453 1.972219 -0.202899
0.321922 0.489110 0.836950 0.059917 0.175906 0.355957 0.661948 -2.251500 -0.111022 -0.428389 1.972219 -0.211530
0.321368 0.487703 0.836222 0.058836 0.175301 0.356034 0.652201 -2.251500 -0.106676 -0.434783 1.972219 -0.223677
0.320815 0.486305 0.835494 0.057765 0.174697 0.356109 0.641200 -2.251500 -0.102254 -0.442367 1.972219 -0.238587
0.320263 0.484916 0.834765 0.056704 0.174096 0.356182 0.629557 -2.251500 -0.097870 -0.450771 1.972218 -0.255342
0.319714 0.483536 0.834036 0.055652 0.173497 0.356252 0.617937 -2.251500 -0.093652 -0.459526 1.972219 -0.272860
0.319166 0.482164 0.833307 0.054609 0.172899 0.356321 0.606464 -2.251500 -0.089673 -0.468479 1.972219 -0.290917
0.318620 0.480801 0.832577 0.053576 0.172304 0.356387 0.595225 -2.251500 -0.085982 -0.477514 1.972219 -0.309344
0.318075 0.479446 0.831847 0.052553 0.171711 0.356451 0.584282 -2.251500 -0.082611 -0.486553 1.972219 -0.328026
0.317532 0.478100 0.831117 0.051538 0.171120 0.356514 0.573666 -2.251500 -0.079577 -0.495549 1.972219 -0.346890
0.316991 0.476762 0.830386 0.050533 0.170530 0.356574 0.563394 -2.251500 -0.076886 -0.504474 1.972219 -0.365895
0.316451 0.475432 0.829655 0.049536 0.169943 0.356632 0.553475 -2.251500 -0.074539 -0.513312 1.972219 -0.385011
0.315913 0.474110 0.828923 0.048549 0.169358 0.356688 0.543913 -2.251500 -0.072535 -0.522048 1.972220 -0.404213
0.315376 0.472796 0.828192 0.047571 0.168775 0.356742 0.534707 -2.251500 -0.070867 -0.530674 1.972220 -0.423482
0.314841 0.471491 0.827460 0.046601 0.168194 0.356794 0.525856 -2.251500 -0.069529 -0.539180 1.972220 -0.442801
0.314308 0.470193 0.826728 0.045640 0.167615 0.356844 0.517357 -2.251500 -0.068515 -0.547561 1.972220 -0.462151
0.313777 0.468903 0.825996 0.044688 0.167038 0.356891 0.509203 -2.251500 -0.067815 -0.555811 1.972220 -0.481518
0.313247 0.467622 0.825263 0.043744 0.166463 0.356937 0.501390 -2.251500 -0.067420 -0.563923 1.972220 -0.500887
0.312719 0.466348 0.824531 0.042809 0.165890 0.356981 0.493911 -2.251500 -0.067321 -0.571895 1.972220 -0.520243
0.312192 0.465081 0.823798 0.041882 0.165319 0.357022 0.486759 -2.251500 -0.067508 -0.579720 1.972220 -0.539572
0.311667 0.463823 0.823065 0.040963 0.164750 0.357062 0.479924 -2.251500 -0.067969 -0.587396 1.972220 -0.558860
0.311144 0.462572 0.822332 0.040053 0.164183 0.357099 0.475379 -2.251500 -0.069123 -0.594208 1.972220 -0.575549
0.310622 0.461329 0.821599 0.039151 0.163618 0.357135 0.472689 -2.251500 -0.070892 -0.600233 1.972220 -0.590102
0.310102 0.460093 0.820866 0.038257 0.163055 0.357168 0.471380 -2.251500 -0.073174 -0.605599 1.972220 -0.603061
0.309583 0.458864 0.820133 0.037371 0.162494 0.357200 0.470933 -2.251500 -0.075837 -0.610481 1.972220 -0.615041
0.309066 0.457643 0.819400 0.036493 0.161935 0.357229 0.470798 -2.251500 -0.078731 -0.615101 1.972220 -0.626721
0.308551 0.456429 0.818667 0.035623 0.161378 0.357257 0.470885 -2.251500 -0.081789 -0.619541 1.972221 -0.638204
0.308037 0.455223 0.817933 0.034761 0.160823 0.357282 0.471130 -2.251500 -0.084962 -0.623857 1.972221 -0.649555
0.307525 0.454024 0.817200 0.033906 0.160270 0.357306 0.471487 -2.251500 -0.088215 -0.628087 1.972221 -0.660818
0.307014 0.452832 0.816467 0.033059 0.159719 0.357327 0.471932 -2.251500 -0.091527 -0.632249 1.972221 -0.672010
0.306505 0.451647 0.815733 0.032220 0.159170 0.357347 0.472449 -2.251500 -0.094885 -0.636353 1.972221 -0.683137
0.305998 0.450469 0.815000 0.031388 0.158623 0.357364 0.473029 -2.251500 -0.098281 -0.640402 1.972221 -0.694202
0.305492 0.449298 0.814267 0.030564 0.158078 0.357380 0.473665 -2.251500 -0.101708 -0.644399 1.972221 -0.705205
0.304988 0.448134 0.813534 0.029747 0.157535 0.357394 0.474351 -2.251500 -0.105161 -0.648348 1.972221 -0.716147
0.304485 0.446977 0.812801 0.028938 0.156994 0.357405 0.475083 -2.251500 -0.108637 -0.652247 1.972221 -0.727027
0.303984 0.445826 0.812067 0.028136 0.156455 0.357415 0.475859 -2.251500 -0.112132 -0.656099 1.972221 -0.737844
0.303485 0.444683 0.811335 0.027341 0.155918 0.357423 0.476676 -2.251500 -0.115646 -0.659903 1.972221 -0.748598
0.302987 0.443546 0.810602 0.026553 0.155382 0.357429 0.477531 -2.251500 -0.119174 -0.663661 1.972221 -0.759288
0.302491 0.442416 0.809869 0.025772 0.154849 0.357433 0.478423 -2.251500 -0.122715 -0.667373 1.972221 -0.769915
0.301996 0.441293 0.809136 0.024999 0.154318 0.357435 0.479348 -2.251500 -0.126268 -0.671039 1.972221 -0.780477
0.301502 0.440176 0.808404 0.024232 0.153788 0.357435 0.480305 -2.251500 -0.129829 -0.674661 1.972221 -0.790976
0.301011 0.439066 0.807672 0.023472 0.153261 0.357433 0.481711 -2.251500 -0.133457 -0.677562 1.972221 -0.799881
0.300521 0.437962 0.806939 0.022719 0.152735 0.357430 0.483447 -2.251500 -0.137109 -0.679863 1.972221 -0.807468
0.300032 0.436865 0.806207 0.021973 0.152212 0.357424 0.485390 -2.251500 -0.140751 -0.681708 1.972221 -0.814060
0.299545 0.435774 0.805475 0.021234 0.151690 0.357417 0.487420 -2.251500 -0.144352 -0.683262 1.972221 -0.820025
0.299059 0.434689 0.804744 0.020501 0.151171 0.357408 0.489418 -2.251500 -0.147888 -0.684714 1.972221 -0.825771
0.298575 0.433611 0.804012 0.019775 0.150653 0.357397 0.491376 -2.251500 -0.151361 -0.686102 1.972221 -0.831364
0.298093 0.432539 0.803281 0.019055 0.150137 0.357384 0.493290 -2.251500 -0.154774 -0.687451 1.972220 -0.836851
0.297611 0.431473 0.802550 0.018342 0.149623 0.357369 0.495161 -2.251500 -0.158130 -0.688777 1.972220 -0.842262
0.297132 0.430413 0.801819 0.017636 0.149111 0.357353 0.496990 -2.251500 -0.161435 -0.690087 1.972220 -0.847612
0.296654 0.429360 0.801088 0.016936 0.148601 0.357334 0.498779 -2.251500 -0.164689 -0.691384 1.972220 -0.852908
0.296177 0.428312 0.800358 0.016242 0.148092 0.357314 0.500530 -2.251500 -0.167897 -0.692671 1.972219 -0.858156
0.295702 0.427271 0.799628 0.015554 0.147586 0.357292 0.502245 -2.251500 -0.171059 -0.693947 1.972219 -0.863357
0.295229 0.426235 0.798898 0.014873 0.147081 0.357268 0.503925 -2.251500 -0.174176 -0.695214 1.972218 -0.868514
0.294757 0.425206 0.798168 0.014198 0.146579 0.357242 0.505570 -2.251500 -0.177250 -0.696471 1.972215 -0.873626
0.294286 0.424182 0.797439 0.013529 0.146078 0.357215 0.507183 -2.251500 -0.180284 -0.697720 1.972215 -0.878697
0.293817 0.423164 0.796710 0.012866 0.145579 0.357186 0.508762 -2.251500 -0.183275 -0.698959 1.972213 -0.883726
0.293349 0.422152 0.795981 0.012209 0.145082 0.357155 0.510307 -2.251500 -0.186220 -0.700187 1.972201 -0.888707
0.292883 0.421146 0.795252 0.011558 0.144587 0.357122 0.511820 -2.251500 -0.189123 -0.701406 1.972187 -0.893647
0.292419 0.420145 0.794524 0.010913 0.144093 0.357088 0.513216 -2.251500 -0.191609 -0.702482 1.971551 -0.898179
0.291955 0.419151 0.793796 0.010274 0.143602 0.357052 0.514301 -2.251500 -0.192951 -0.703160 1.969159 -0.901592
0.291494 0.418162 0.793069 0.009641 0.143112 0.357014 0.514877 -2.251500 -0.194129 -0.704212 1.965989 -0.905910
0.291033 0.417178 0.792341 0.009013 0.142624 0.356974 0.515067 -2.251500 -0.195228 -0.705593 1.962338 -0.911009
0.290574 0.416200 0.791614 0.008391 0.142138 0.356933 0.515012 -2.251500 -0.196366 -0.707252 1.958536 -0.916767
0.290117 0.415228 0.790888 0.007775 0.141654 0.356890 0.514853 -2.251500 -0.197601 -0.709103 1.954793 -0.922980
0.289661 0.414261 0.790161 0.007165 0.141172 0.356845 0.514686 -2.251500 -0.198804 -0.710976 1.951017 -0.929234
0.289206 0.413299 0.789435 0.006560 0.140691 0.356799 0.514515 -2.251500 -0.199968 -0.712844 1.947197 -0.935479
0.288753 0.412343 0.788710 0.005961 0.140213 0.356751 0.514336 -2.251500 -0.201076 -0.714686 1.943314 -0.941670
0.288301 0.411392 0.787984 0.005367 0.139736 0.356701 0.514138 -2.251500 -0.202105 -0.716484 1.939342 -0.947768
0.287851 0.410447 0.787260 0.004779 0.139261 0.356650 0.513912 -2.251500 -0.203031 -0.718228 1.935259 -0.953744
0.287402 0.409507 0.786535 0.004196 0.138787 0.356597 0.513647 -2.251500 -0.203839 -0.719911 1.931052 -0.959581
0.286954 0.408572 0.785811 0.003618 0.138316 0.356542 0.513335 -2.251500 -0.204516 -0.721531 1.926710 -0.965268
0.286508 0.407642 0.785087 0.003046 0.137846 0.356486 0.512969 -2.251500 -0.205051 -0.723083 1.922225 -0.970794
0.286063 0.406718 0.784364 0.002479 0.137378 0.356428 0.512544 -2.251500 -0.205434 -0.724565 1.917587 -0.976152
0.285620 0.405798 0.783640 0.001917 0.136912 0.356368 0.512055 -2.251500 -0.205660 -0.725976 1.912794 -0.981337
0.285178 0.404884 0.782918 0.001361 0.136447 0.356307 0.511498 -2.251500 -0.205724 -0.727313 1.907838 -0.986344
0.284737 0.403975 0.782196 0.000809 0.135985 0.356244 0.510871 -2.251500 -0.205620 -0.728575 1.902717 -0.991171
0.284298 0.403071 0.781474 0.000263 0.135524 0.356180 0.510171 -2.251500 -0.205347 -0.729761 1.897428 -0.995815
0.283860 0.402171 0.780752 -0.000278 0.135065 0.356114 0.509396 -2.251500 -0.204901 -0.730868 1.891966 -1.000272
0.283423 0.401277 0.780031 -0.000815 0.134607 0.356047 0.508544 -2.251500 -0.204280 -0.731896 1.886330 -1.004543
0.282988 0.400388 0.779311 -0.001346 0.134151 0.355978 0.507614 -2.251500 -0.203483 -0.732842 1.880517 -1.008623
0.282554 0.399504 0.778590 -0.001872 0.133697 0.355907 0.507304 -2.251500 -0.206019 -0.735541 1.880431 -1.017812
0.282122 0.398624 0.777871 -0.002394 0.133245 0.355835 0.507949 -2.251500 -0.211994 -0.739771 1.885488 -1.031643
0.281690 0.397749 0.777151 -0.002910 0.132795 0.355761 0.509756 -2.251500 -0.221234 -0.745177 1.894780 -1.049317
0.281260 0.396880 0.776432 -0.003422 0.132346 0.355686 0.512760 -2.251500 -0.233215 -0.751283 1.907044 -1.069676
0.280832 0.396014 0.775714 -0.003929 0.131899 0.355609 0.516791 -2.251500 -0.247014 -0.757502 1.920639 -1.091191
0.280405 0.395154 0.774996 -0.004431 0.131453 0.355531 0.521618 -2.251500 -0.262141 -0.763619 1.935023 -1.113304
0.279979 0.394298 0.774278 -0.004928 0.131010 0.355451 0.527002 -2.251500 -0.278126 -0.769480 1.949730 -1.135549
0.279554 0.393447 0.773561 -0.005421 0.130568 0.355370 0.532512 -2.251500 -0.292922 -0.774589 1.961667 -1.156386
0.279131 0.392601 0.772844 -0.005909 0.130127 0.355288 0.537689 -2.251500 -0.304755 -0.778633 1.968419 -1.174609
0.278709 0.391759 0.772128 -0.006393 0.129689 0.355203 0.542307 -2.251500 -0.314104 -0.781887 1.971439 -1.190676
0.278288 0.390922 0.771412 -0.006872 0.129252 0.355118 0.546277 -2.251500 -0.321622 -0.784627 1.972213 -1.205159
0.277869 0.390089 0.770697 -0.007347 0.128817 0.355031 0.549654 -2.251500 -0.328122 -0.787117 1.972219 -1.218726
0.277451 0.389261 0.769982 -0.007817 0.128383 0.354942 0.552571 -2.251500 -0.334145 -0.789500 1.972220 -1.231813
0.277034 0.388437 0.769267 -0.008282 0.127951 0.354852 0.555171 -2.251500 -0.339842 -0.791799 1.972220 -1.244556
0.276618 0.387618 0.768553 -0.008743 0.127521 0.354761 0.557566 -2.251500 -0.345331 -0.794025 1.972220 -1.257056
0.276204 0.386803 0.767840 -0.009200 0.127092 0.354668 0.559842 -2.251500 -0.350699 -0.796183 1.972221 -1.269378
0.275791 0.385992 0.767127 -0.009653 0.126665 0.354574 0.562050 -2.251500 -0.356001 -0.798273 1.972221 -1.281561
0.275379 0.385186 0.766414 -0.010101 0.126240 0.354478 0.564225 -2.251500 -0.361269 -0.800296 1.972221 -1.293628
0.274968 0.384384 0.765702 -0.010545 0.125816 0.354381 0.566388 -2.251500 -0.366526 -0.802249 1.972221 -1.305595
0.274559 0.383587 0.764991 -0.010984 0.125394 0.354283 0.568555 -2.251500 -0.371789 -0.804135 1.972221 -1.317472
0.274151 0.382793 0.764280 -0.011420 0.124973 0.354183 0.571753 -2.251500 -0.377153 -0.805729 1.972221 -1.328364
0.273744 0.382004 0.763569 -0.011851 0.124554 0.354082 0.575795 -2.251500 -0.382658 -0.807064 1.972221 -1.338493
0.273339 0.381219 0.762859 -0.012278 0.124137 0.353979 0.580470 -2.251500 -0.388325 -0.808188 1.972221 -1.348090
0.272934 0.380438 0.762150 -0.012701 0.123721 0.353875 0.585545 -2.251500 -0.394153 -0.809154 1.972221 -1.357392
0.272531 0.379662 0.761441 -0.013120 0.123307 0.353770 0.590762 -2.251500 -0.400118 -0.810029 1.972221 -1.366637
0.272129 0.378889 0.760732 -0.013535 0.122895 0.353664 0.596090 -2.251500 -0.406196 -0.810833 1.972221 -1.375843
0.271728 0.378121 0.760024 -0.013945 0.122484 0.353556 0.601506 -2.251500 -0.412364 -0.811577 1.972221 -1.385016
0.271329 0.377357 0.759316 -0.014352 0.122074 0.353447 0.606995 -2.251500 -0.418609 -0.812269 1.972221 -1.394161
0.270931 0.376596 0.758609 -0.014755 0.121667 0.353336 0.612544 -2.251500 -0.424920 -0.812914 1.972221 -1.403278
0.270533 0.375840 0.757903 -0.015154 0.121261 0.353224 0.618147 -2.251500 -0.431292 -0.813514 1.972221 -1.412365
0.270137 0.375088 0.757197 -0.015549 0.120856 0.353111 0.623799 -2.251500 -0.437719 -0.814070 1.972221 -1.421422
0.269743 0.374339 0.756491 -0.015941 0.120453 0.352997 0.629498 -2.251500 -0.444200 -0.814582 1.972221 -1.430449
0.269349 0.373595 0.755786 -0.016328 0.120051 0.352881 0.635240 -2.251500 -0.450731 -0.815052 1.972222 -1.439445
0.268957 0.372854 0.755082 -0.016712 0.119651 0.352764 0.641024 -2.251500 -0.457312 -0.815481 1.972222 -1.448409
0.268565 0.372118 0.754378 -0.017092 0.119253 0.352646 0.646848 -2.251500 -0.463941 -0.815868 1.972222 -1.457343
0.268175 0.371385 0.753675 -0.017468 0.118856 0.352527 0.652710 -2.251500 -0.470617 -0.816215 1.972222 -1.466246
0.267786 0.370656 0.752972 -0.017840 0.118461 0.352406 0.658610 -2.251500 -0.477340 -0.816522 1.972222 -1.475118
0.267399 0.369930 0.752269 -0.018209 0.118067 0.352284 0.664545 -2.251500 -0.484107 -0.816789 1.972222 -1.483959
0.267012 0.369209 0.751568 -0.018574 0.117674 0.352161 0.670514 -2.251500 -0.490919 -0.817018 1.972222 -1.492770
0.266627 0.368491 0.750866 -0.018936 0.117284 0.352037 0.676517 -2.251500 -0.497774 -0.817208 1.972222 -1.501551
0.266242 0.367777 0.750165 -0.019294 0.116894 0.351911 0.682480 -2.251500 -0.504630 -0.817065 1.972222 -1.508672
0.265859 0.367067 0.749465 -0.019648 0.116507 0.351785 0.688362 -2.251500 -0.511436 -0.816652 1.972222 -1.514466
0.265477 0.366360 0.748766 -0.019999 0.116120 0.351657 0.694135 -2.251500 -0.518158 -0.816037 1.972222 -1.519297
0.265096 0.365657 0.748066 -0.020346 0.115735 0.351528 0.699794 -2.251500 -0.524781 -0.815302 1.972222 -1.523562
0.264716 0.364958 0.747368 -0.020690 0.115352 0.351397 0.705356 -2.251500 -0.531314 -0.814530 1.972222 -1.527686
0.264337 0.364262 0.746670 -0.021030 0.114970 0.351266 0.710845 -2.251500 -0.537780 -0.813738 1.972222 -1.531718
0.263960 0.363570 0.745972 -0.021367 0.114590 0.351133 0.716280 -2.251500 -0.544201 -0.812934 1.972222 -1.535688
0.263583 0.362881 0.745275 -0.021701 0.114211 0.350999 0.721678 -2.251500 -0.550593 -0.812125 1.972222 -1.539619
0.263208 0.362196 0.744579 -0.022031 0.113833 0.350865 0.727052 -2.251500 -0.556968 -0.811311 1.972222 -1.543521
0.262834 0.361514 0.743883 -0.022358 0.113457 0.350729 0.732407 -2.251500 -0.563332 -0.810494 1.972222 -1.547399
0.262460 0.360836 0.743188 -0.022681 0.113083 0.350591 0.737749 -2.251500 -0.569690 -0.809672 1.972222 -1.551256
0.262088 0.360161 0.742493 -0.023001 0.112710 0.350453 0.743081 -2.251500 -0.576046 -0.808847 1.972222 -1.555094
0.261717 0.359489 0.741799 -0.023318 0.112338 0.350314 0.748404 -2.251500 -0.582401 -0.808018 1.972222 -1.558914
0.261347 0.358822 0.741105 -0.023632 0.111968 0.350173 0.753719 -2.251500 -0.588755 -0.807184 1.972222 -1.562717
0.260978 0.358157 0.740412 -0.023942 0.111599 0.350032 0.759026 -2.251500 -0.595110 -0.806347 1.972222 -1.566502
0.260610 0.357496 0.739720 -0.024250 0.111232 0.349889 0.764325 -2.251500 -0.601464 -0.805507 1.972222 -1.570271
0.260243 0.356838 0.739028 -0.024554 0.110866 0.349745 0.769614 -2.251500 -0.607816 -0.804664 1.972222 -1.574022
0.259878 0.356183 0.738336 -0.024855 0.110501 0.349600 0.774894 -2.251500 -0.614166 -0.803817 1.972222 -1.577755
0.259513 0.355532 0.737645 -0.025153 0.110138 0.349454 0.780163 -2.251500 -0.620513 -0.802968 1.972222 -1.581470
0.259149 0.354884 0.736955 -0.025447 0.109777 0.349307 0.785420 -2.251500 -0.626855 -0.802117 1.972222 -1.585167
0.258787 0.354239 0.736265 -0.025739 0.109416 0.349159 0.789906 -2.251500 -0.632166 -0.801451 1.972222 -1.588792
0.258425 0.353598 0.735576 -0.026028 0.109057 0.349010 0.793661 -2.251500 -0.636545 -0.800950 1.972222 -1.592306
0.258065 0.352959 0.734887 -0.026313 0.108700 0.348860 0.796771 -2.251500 -0.640140 -0.800584 1.972222 -1.595685
0.257705 0.352324 0.734199 -0.026596 0.108344 0.348709 0.799376 -2.251500 -0.643158 -0.800310 1.972222 -1.598922
0.257347 0.351692 0.733512 -0.026875 0.107989 0.348557 0.801685 -2.251500 -0.645873 -0.800082 1.972222 -1.602043
0.256989 0.351063 0.732825 -0.027152 0.107636 0.348404 0.803765 -2.251500 -0.648353 -0.799885 1.972222 -1.605066
0.256633 0.350438 0.732139 -0.027426 0.107284 0.348250 0.805651 -2.251500 -0.650635 -0.799699 1.972222 -1.607973
0.256277 0.349815 0.731453 -0.027697 0.106933 0.348095 0.807378 -2.251500 -0.652757 -0.799515 1.972222 -1.610772
0.255923 0.349195 0.730768 -0.027965 0.106584 0.347939 0.808513 -2.251500 -0.654274 -0.799161 1.972222 -1.612775
0.255569 0.348579 0.730083 -0.028230 0.106236 0.347781 0.808926 -2.251500 -0.655056 -0.798616 1.972222 -1.613849
0.255217 0.347965 0.729399 -0.028492 0.105889 0.347623 0.808780 -2.251500 -0.655268 -0.797970 1.972221 -1.614305
0.254865 0.347355 0.728716 -0.028751 0.105544 0.347464 0.808234 -2.251500 -0.655071 -0.797288 1.972221 -1.614407
0.254515 0.346748 0.728033 -0.029008 0.105200 0.347304 0.807467 -2.251500 -0.654649 -0.796630 1.972221 -1.614406
0.254165 0.346143 0.727350 -0.029262 0.104857 0.347143 0.806591 -2.251500 -0.654115 -0.796010 1.972221 -1.614410
0.253817 0.345542 0.726669 -0.029513 0.104516 0.346981 0.805643 -2.251500 -0.653508 -0.795414 1.972221 -1.614414
0.253469 0.344943 0.725987 -0.029761 0.104176 0.346819 0.804653 -2.251500 -0.652859 -0.794833 1.972221 -1.614418
0.253122 0.344347 0.725307 -0.030007 0.103838 0.346655 0.803639 -2.251500 -0.652187 -0.794262 1.972221 -1.614423
0.252777 0.343755 0.724627 -0.030250 0.103500 0.346490 0.802612 -2.251500 -0.651502 -0.793696 1.972221 -1.614425
0.252432 0.343165 0.723947 -0.030490 0.103164 0.346324 0.801577 -2.251500 -0.650810 -0.793133 1.972221 -1.614427
0.252088 0.342578 0.723268 -0.030728 0.102830 0.346158 0.800539 -2.251500 -0.650115 -0.792573 1.972221 -1.614427
0.251746 0.341994 0.722590 -0.030962 0.102496 0.345990 0.798159 -2.251500 -0.647697 -0.792671 1.972221 -1.614428
0.251404 0.341412 0.721912 -0.031195 0.102164 0.345822 0.794605 -2.251500 -0.643817 -0.793326 1.972221 -1.614428
0.251063 0.340834 0.721235 -0.031425 0.101833 0.345653 0.790116 -2.251500 -0.638810 -0.794407 1.972221 -1.614428
0.250723 0.340258 0.720559 -0.031652 0.101504 0.345483 0.785001 -2.251500 -0.633084 -0.795760 1.972221 -1.614428
0.250384 0.339685 0.719883 -0.031876 0.101176 0.345312 0.779643 -2.251500 -0.627119 -0.797206 1.972221 -1.614428
0.250046 0.339115 0.719207 -0.032099 0.100849 0.345140 0.774155 -2.251500 -0.621031 -0.798703 1.972221 -1.614428
0.249709 0.338547 0.718533 -0.032318 0.100523 0.344967 0.768622 -2.251500 -0.614906 -0.800222 1.972220 -1.614428
0.249372 0.337983 0.717858 -0.032535 0.100198 0.344794 0.763103 -2.251500 -0.608806 -0.801742 1.972220 -1.614429
0.249037 0.337421 0.717185 -0.032750 0.099875 0.344619 0.757632 -2.251500 -0.602763 -0.803250 1.972219 -1.614429
0.248703 0.336861 0.716512 -0.032962 0.099553 0.344444 0.752226 -2.251500 -0.596795 -0.804740 1.972216 -1.614429
0.248369 0.336305 0.715839 -0.033172 0.099233 0.344268 0.746895 -2.251500 -0.590914 -0.806208 1.972215 -1.614429
0.248036 0.335750 0.715167 -0.033379 0.098913 0.344091 0.741658 -2.251500 -0.585107 -0.807651 1.972165 -1.614429
0.247705 0.335199 0.714496 -0.033584 0.098595 0.343913 0.737170 -2.251500 -0.578536 -0.808972 1.969502 -1.614429
0.247374 0.334650 0.713825 -0.033787 0.098278 0.343735 0.733495 -2.251500 -0.571068 -0.810145 1.963905 -1.614429
0.247044 0.334104 0.713155 -0.033987 0.097962 0.343555 0.730458 -2.251500 -0.562878 -0.811179 1.955990 -1.614429
0.246715 0.333560 0.712485 -0.034185 0.097648 0.343375 0.727857 -2.251500 -0.554185 -0.812086 1.946489 -1.614429
0.246387 0.333019 0.711817 -0.034380 0.097334 0.343194 0.725466 -2.251500 -0.545255 -0.812890 1.936242 -1.614429
0.246059 0.332481 0.711148 -0.034573 0.097022 0.343012 0.723203 -2.251500 -0.536190 -0.813598 1.925561 -1.614429
0.245733 0.331945 0.710480 -0.034764 0.096711 0.342830 0.721040 -2.251500 -0.527035 -0.814210 1.914563 -1.614429
0.245407 0.331411 0.709813 -0.034953 0.096402 0.342646 0.718957 -2.251500 -0.517818 -0.814727 1.903328 -1.614429
0.245083 0.330880 0.709146 -0.035139 0.096093 0.342462 0.718033 -2.251500 -0.509039 -0.815185 1.891622 -1.614429
0.244759 0.330352 0.708480 -0.035324 0.095786 0.342278 0.718077 -2.251500 -0.500651 -0.815539 1.879502 -1.614429
0.244436 0.329825 0.707815 -0.035505 0.095480 0.342092 0.718864 -2.251500 -0.492575 -0.815755 1.867028 -1.614429
0.244114 0.329302 0.707150 -0.035685 0.095175 0.341906 0.720134 -2.251500 -0.484700 -0.815812 1.854264 -1.614429
0.243793 0.328781 0.706486 -0.035863 0.094871 0.341718 0.721595 -2.251500 -0.476890 -0.815701 1.841283 -1.614429
0.243472 0.328262 0.705822 -0.036038 0.094569 0.341531 0.723195 -2.251500 -0.469099 -0.815435 1.828096 -1.614429
0.243153 0.327745 0.705159 -0.036211 0.094267 0.341342 0.724894 -2.251500 -0.461296 -0.815022 1.814708 -1.614428
0.242834 0.327231 0.704497 -0.036382 0.093967 0.341153 0.726668 -2.251500 -0.453455 -0.814467 1.801118 -1.614428
0.242516 0.326720 0.703835 -0.036551 0.093668 0.340963 0.728505 -2.251500 -0.445562 -0.813771 1.787322 -1.614428
0.242199 0.326210 0.703173 -0.036718 0.093370 0.340772 0.730399 -2.251500 -0.437610 -0.812930 1.773314 -1.614428
0.241883 0.325703 0.702513 -0.036883 0.093074 0.340581 0.732347 -2.251500 -0.429592 -0.811941 1.759085 -1.614428
0.241567 0.325199 0.701852 -0.037046 0.092778 0.340388 0.734349 -2.251500 -0.421503 -0.810797 1.744627 -1.614428
0.241253 0.324697 0.701193 -0.037206 0.092484 0.340196 0.736406 -2.251500 -0.413340 -0.809492 1.729929 -1.614426
0.240939 0.324196 0.700534 -0.037365 0.092190 0.340002 0.738513 -2.251500 -0.405092 -0.808014 1.714975 -1.614410
0.240626 0.323699 0.699875 -0.037522 0.091898 0.339808 0.740678 -2.251500 -0.396761 -0.806360 1.699758 -1.614390
0.240314 0.323203 0.699218 -0.037676 0.091607 0.339613 0.742521 -2.251500 -0.387764 -0.804198 1.683717 -1.613471
0.240002 0.322710 0.698560 -0.037829 0.091317 0.339417 0.742973 -2.251500 -0.376415 -0.800573 1.665166 -1.609132
0.239692 0.322219 0.697904 -0.037979 0.091029 0.339221 0.742012 -2.251500 -0.362567 -0.795437 1.643808 -1.601464
0.239382 0.321730 0.697248 -0.038128 0.090741 0.339024 0.739697 -2.251500 -0.346212 -0.788762 1.619441 -1.590675
0.239073 0.321244 0.696592 -0.038275 0.090454 0.338827 0.736168 -2.251500 -0.327496 -0.780533 1.591980 -1.577087
0.238765 0.320759 0.695937 -0.038420 0.090169 0.338629 0.732796 -2.251500 -0.309996 -0.772561 1.565639 -1.563199
0.238458 0.320277 0.695283 -0.038563 0.089885 0.338430 0.729706 -2.251500 -0.293848 -0.764844 1.540557 -1.549321
0.238151 0.319797 0.694629 -0.038704 0.089602 0.338230 0.726951 -2.251500 -0.278998 -0.757305 1.516656 -1.535612
0.237845 0.319319 0.693976 -0.038843 0.089319 0.338030 0.724475 -2.251500 -0.265147 -0.749765 1.493562 -1.522026
0.237540 0.318843 0.693324 -0.038980 0.089038 0.337829 0.722080 -2.251500 -0.251681 -0.741892 1.470504 -1.508229
0.237236 0.318369 0.692672 -0.039115 0.088758 0.337628 0.719691 -2.251500 -0.238456 -0.733609 1.447288 -1.494085
0.236932 0.317898 0.692021 -0.039249 0.088480 0.337426 0.717223 -2.251500 -0.225332 -0.724838 1.423721 -1.479444
0.236630 0.317428 0.691370 -0.039380 0.088202 0.337224 0.714592 -2.251500 -0.212187 -0.715498 1.399637 -1.464158
0.236328 0.316961 0.690720 -0.039510 0.087925 0.337020 0.711719 -2.251500 -0.198936 -0.705514 1.374900 -1.448089
0.236026 0.316496 0.690070 -0.039638 0.087650 0.336817 0.708535 -2.251500 -0.185527 -0.694818 1.349410 -1.431113
0.235726 0.316032 0.689421 -0.039765 0.087375 0.336612 0.704969 -2.251500 -0.171926 -0.683342 1.323081 -1.413106
0.235426 0.315571 0.688773 -0.039889 0.087102 0.336407 0.700949 -2.251500 -0.158114 -0.671018 1.295835 -1.393938
0.235127 0.315112 0.688125 -0.040012 0.086829 0.336202 0.696401 -2.251500 -0.144087 -0.657777 1.267600 -1.373473
0.234829 0.314655 0.687478 -0.040133 0.086558 0.335996 0.691241 -2.251500 -0.129849 -0.643550 1.238308 -1.351560
0.234532 0.314200 0.686831 -0.040252 0.086288 0.335789 0.685377 -2.251500 -0.115418 -0.628262 1.207886 -1.328031
0.234235 0.313746 0.686185 -0.040370 0.086018 0.335582 0.678703 -2.251500 -0.100816 -0.611836 1.176250 -1.302686
0.233939 0.313295 0.685540 -0.040485 0.085750 0.335374 0.671090 -2.251500 -0.086075 -0.594185 1.143299 -1.275289
0.233644 0.312846 0.684895 -0.040600 0.085483 0.335166 0.662386 -2.251500 -0.071229 -0.575212 1.108905 -1.245544
0.233349 0.312399 0.684251 -0.040712 0.085217 0.334957 0.652397 -2.251500 -0.056320 -0.554798 1.072889 -1.213071
0.233055 0.311953 0.683607 -0.040823 0.084952 0.334747 0.640871 -2.251500 -0.041393 -0.532794 1.035004 -1.177366
0.232762 0.311510 0.682964 -0.040932 0.084688 0.334537 0.627778 -2.251500 -0.027048 -0.510799 0.998012 -1.140096
0.232470 0.311068 0.682321 -0.041040 0.084425 0.334327 0.613102 -2.251500 -0.013315 -0.488731 0.961549 -1.100969
0.232178 0.310629 0.681679 -0.041145 0.084163 0.334116 0.596742 -2.251500 -0.000187 -0.466356 0.924999 -1.059406
0.231887 0.310191 0.681038 -0.041250 0.083901 0.333904 0.578431 -2.251500 0.012371 -0.443241 0.887399 -1.014381
0.231597 0.309755 0.680397 -0.041352 0.083641 0.333692 0.557620 -2.251500 0.024408 -0.418665 0.847275 -0.964129
0.231307 0.309321 0.679757 -0.041454 0.083382 0.333479 0.533328 -2.251500 0.035785 -0.391937 0.803126 -0.906194
0.231019 0.308889 0.679118 -0.041553 0.083124 0.333266 0.503886 -2.251500 0.046069 -0.361993 0.752441 -0.836292
0.230730 0.308458 0.678479 -0.041651 0.082867 0.333052 0.466234 -2.251500 0.053887 -0.327074 0.690430 -0.745992
0.230443 0.308030 0.677840 -0.041747 0.082611 0.332838 0.414648 -2.251500 0.054300 -0.284463 0.606705 -0.616591
0.230156 0.307603 0.677202 -0.041842 0.082356 0.332624 0.345699 -2.251500 0.031210 -0.235337 0.485561 -0.419053
0.229870 0.307178 0.676565 -0.041936 0.082102 0.332409 0.279497 -2.251500 -0.031386 -0.194048 0.336054 -0.169720
0.229585 0.306755 0.675928 -0.042027 0.081849 0.332193 0.241683 -2.251500 -0.131711 -0.169304 0.182448 0.084927
0.229300 0.306334 0.675292 -0.042118 0.081597 0.331977 -0.067089 -1.604958 -0.041010 -0.322779 -0.711901 0.604834
0.229016 0.305914 0.674657 -0.042207 0.081346 0.331760 -0.335864 -1.122860 0.072071 -0.433499 -1.357873 1.028817
0.228733 0.305496 0.674022 -0.042294 0.081096 0.331543 -0.562401 -0.805637 0.198083 -0.492255 -1.772180 1.358402
0.228450 0.305080 0.673388 -0.042380 0.080847 0.331326 -0.700708 -0.644062 0.284839 -0.509452 -1.972222 1.540690
0.228168 0.304666 0.672754 -0.042464 0.080599 0.331108 -0.745276 -0.641684 0.316960 -0.488651 -1.972222 1.595506
0.227887 0.304254 0.672121 -0.042547 0.080352 0.330889 -0.766155 -0.639908 0.333856 -0.474271 -1.972222 1.613782
0.227606 0.303843 0.671488 -0.042629 0.080105 0.330671 -0.773463 -0.639016 0.341836 -0.465566 -1.972222 1.614429
0.227326 0.303434 0.670856 -0.042709 0.079860 0.330451 -0.777965 -0.639743 0.348724 -0.459691 -1.972222 1.614429
0.227047 0.303026 0.670225 -0.042787 0.079616 0.330232 -0.780942 -0.640947 0.354422 -0.455799 -1.972222 1.614429
0.226768 0.302620 0.669594 -0.042865 0.079372 0.330011 -0.783146 -0.642054 0.359229 -0.452992 -1.972222 1.614429
0.226490 0.302216 0.668964 -0.042941 0.079130 0.329791 -0.784964 -0.643127 0.363558 -0.450777 -1.972222 1.614429
0.226213 0.301814 0.668334 -0.043015 0.078888 0.329570 -0.786604 -0.644181 0.367660 -0.448846 -1.972222 1.614429
0.225936 0.301413 0.667705 -0.043088 0.078648 0.329348 -0.788165 -0.645210 0.371687 -0.447024 -1.972222 1.614429
0.225660 0.301014 0.667077 -0.043160 0.078408 0.329126 -0.789690 -0.646217 0.375675 -0.445256 -1.972222 1.614429
0.225385 0.300616 0.666449 -0.043231 0.078169 0.328904 -0.791200 -0.647206 0.379645 -0.443513 -1.972222 1.614429
0.225110 0.300220 0.665822 -0.043300 0.077931 0.328681 -0.792709 -0.648180 0.383607 -0.441778 -1.972222 1.614429
0.224836 0.299826 0.665195 -0.043368 0.077694 0.328458 -0.794221 -0.649140 0.387566 -0.440047 -1.972222 1.614429
0.224563 0.299433 0.664569 -0.043434 0.077458 0.328235 -0.795739 -0.650087 0.391523 -0.438315 -1.972222 1.614429
0.224290 0.299042 0.663943 -0.043499 0.077223 0.328011 -0.797263 -0.651020 0.395482 -0.436581 -1.972222 1.614429
0.224017 0.298652 0.663318 -0.043563 0.076989 0.327786 -0.798794 -0.651940 0.399440 -0.434845 -1.972222 1.614429
0.223746 0.298264 0.662694 -0.043626 0.076756 0.327562 -0.800333 -0.652846 0.403399 -0.433106 -1.972222 1.614429
0.223475 0.297878 0.662070 -0.043687 0.076524 0.327336 -0.801879 -0.653739 0.407360 -0.431365 -1.972222 1.614429
0.223204 0.297493 0.661447 -0.043747 0.076292 0.327111 -0.803433 -0.654619 0.411321 -0.429620 -1.972222 1.614429
0.222935 0.297110 0.660824 -0.043806 0.076062 0.326885 -0.804993 -0.655485 0.415282 -0.427872 -1.972222 1.614429
0.222666 0.296728 0.660202 -0.043864 0.075832 0.326659 -0.806561 -0.656338 0.419245 -0.426121 -1.972222 1.614429
0.222397 0.296348 0.659580 -0.043920 0.075603 0.326432 -0.808136 -0.657177 0.423208 -0.424367 -1.972222 1.614429
0.222129 0.295969 0.658959 -0.043975 0.075375 0.326205 -0.809718 -0.658003 0.427172 -0.422609 -1.972222 1.614429
0.221862 0.295591 0.658339 -0.044029 0.075148 0.325978 -0.811306 -0.658816 0.431136 -0.420849 -1.972222 1.614429
0.221595 0.295216 0.657719 -0.044082 0.074922 0.325750 -0.813661 -0.660468 0.436563 -0.418081 -1.972222 1.614429
0.221329 0.294841 0.657100 -0.044133 0.074697 0.325522 -0.816663 -0.662763 0.443174 -0.414487 -1.972222 1.614429
0.221064 0.294468 0.656481 -0.044183 0.074472 0.325294 -0.820167 -0.665491 0.450657 -0.410275 -1.972222 1.614429
0.220799 0.294097 0.655863 -0.044233 0.074249 0.325065 -0.823998 -0.668429 0.458661 -0.405685 -1.972222 1.614429
0.220535 0.293727 0.655246 -0.044281 0.074026 0.324836 -0.827954 -0.671350 0.466803 -0.400982 -1.972222 1.614429
0.220271 0.293358 0.654629 -0.044327 0.073804 0.324607 -0.831998 -0.674230 0.475036 -0.396206 -1.972222 1.614429
0.220008 0.292991 0.654013 -0.044373 0.073583 0.324377 -0.836102 -0.677057 0.483325 -0.391386 -1.972222 1.614429
0.219745 0.292626 0.653397 -0.044418 0.073363 0.324147 -0.840250 -0.679821 0.491650 -0.386539 -1.972222 1.614429
0.219483 0.292261 0.652782 -0.044461 0.073144 0.323917 -0.844433 -0.682520 0.500000 -0.381673 -1.972222 1.614429
0.219222 0.291898 0.652167 -0.044503 0.072926 0.323686 -0.848647 -0.685152 0.508373 -0.376793 -1.972222 1.614429
0.218961 0.291537 0.651553 -0.044545 0.072708 0.323455 -0.852890 -0.687716 0.516765 -0.371899 -1.972222 1.614429
0.218701 0.291177 0.650940 -0.044585 0.072491 0.323224 -0.857161 -0.690212 0.525175 -0.366993 -1.972222 1.614429
0.218441 0.290818 0.650327 -0.044624 0.072275 0.322992 -0.861457 -0.692640 0.533603 -0.362075 -1.972222 1.614429
0.218182 0.290461 0.649715 -0.044662 0.072060 0.322760 -0.865779 -0.695000 0.542047 -0.357145 -1.972222 1.614429
0.217924 0.290105 0.649103 -0.044698 0.071846 0.322528 -0.870124 -0.697291 0.550508 -0.352203 -1.972222 1.614429
0.217666 0.289750 0.648492 -0.044734 0.071633 0.322295 -0.874493 -0.699514 0.558983 -0.347248 -1.972222 1.614429
0.217409 0.289397 0.647881 -0.044769 0.071420 0.322062 -0.878884 -0.701668 0.567473 -0.342281 -1.972222 1.614429
0.217152 0.289045 0.647271 -0.044803 0.071208 0.321829 -0.883296 -0.703754 0.575977 -0.337302 -1.972222 1.614429
0.216896 0.288694 0.646662 -0.044835 0.070997 0.321596 -0.887729 -0.705770 0.584495 -0.332310 -1.972222 1.614429
0.216640 0.288345 0.646053 -0.044867 0.070787 0.321362 -0.892182 -0.707718 0.593025 -0.327305 -1.972222 1.614429
0.216385 0.287997 0.645445 -0.044897 0.070578 0.321128 -0.895829 -0.709550 0.600244 -0.323237 -1.972222 1.614429
0.216131 0.287651 0.644837 -0.044927 0.070369 0.320894 -0.898811 -0.711292 0.606410 -0.319948 -1.972222 1.614429
0.215877 0.287305 0.644230 -0.044956 0.070162 0.320659 -0.901292 -0.712968 0.611813 -0.317244 -1.972222 1.614429
0.215623 0.286961 0.643623 -0.044983 0.069955 0.320424 -0.903469 -0.714600 0.616772 -0.314900 -1.972222 1.614429
0.215370 0.286618 0.643017 -0.045010 0.069749 0.320189 -0.905563 -0.716207 0.621637 -0.312660 -1.972222 1.614429
0.215118 0.286277 0.642412 -0.045035 0.069543 0.319954 -0.907615 -0.717792 0.626453 -0.310479 -1.972222 1.614429
0.214866 0.285936 0.641807 -0.045060 0.069339 0.319719 -0.909654 -0.719358 0.631253 -0.308321 -1.972222 1.614429
0.214615 0.285597 0.641203 -0.045084 0.069135 0.319483 -0.911697 -0.720904 0.636057 -0.306166 -1.972222 1.614429
0.214364 0.285259 0.640599 -0.045106 0.068932 0.319247 -0.913754 -0.722432 0.640872 -0.304003 -1.972222 1.614429
0.214114 0.284923 0.639996 -0.045128 0.068730 0.319010 -0.915828 -0.723940 0.645705 -0.301828 -1.972222 1.614429
0.213865 0.284588 0.639393 -0.045149 0.068529 0.318774 -0.917921 -0.725428 0.650556 -0.299637 -1.972222 1.614429
0.213615 0.284253 0.638791 -0.045169 0.068328 0.318537 -0.920035 -0.726897 0.655426 -0.297429 -1.972222 1.614429
0.213367 0.283920 0.638189 -0.045188 0.068128 0.318300 -0.922169 -0.728345 0.660317 -0.295204 -1.972222 1.614429
0.213119 0.283589 0.637589 -0.045206 0.067929 0.318063 -0.924324 -0.729772 0.665229 -0.292960 -1.972222 1.614429
0.212871 0.283258 0.636988 -0.045223 0.067731 0.317825 -0.926501 -0.731179 0.670161 -0.290698 -1.972222 1.614429
0.212624 0.282929 0.636388 -0.045239 0.067533 0.317587 -0.928699 -0.732564 0.675114 -0.288417 -1.972222 1.614429
0.212378 0.282601 0.635789 -0.045254 0.067336 0.317349 -0.930918 -0.733927 0.680089 -0.286116 -1.972222 1.614429
0.212132 0.282274 0.635191 -0.045269 0.067140 0.317111 -0.933159 -0.735269 0.685084 -0.283796 -1.972222 1.614429
0.211887 0.281948 0.634593 -0.045282 0.066945 0.316873 -0.935421 -0.736588 0.690101 -0.281456 -1.972222 1.614429
0.211642 0.281623 0.633995 -0.045295 0.066751 0.316634 -0.937704 -0.737885 0.695139 -0.279095 -1.972222 1.614429
0.211397 0.281300 0.633398 -0.045307 0.066557 0.316395 -0.939971 -0.738781 0.700963 -0.276089 -1.972222 1.614429
0.211153 0.280978 0.632802 -0.045318 0.066364 0.316156 -0.942271 -0.739353 0.707424 -0.272535 -1.972222 1.614429
0.210910 0.280656 0.632206 -0.045328 0.066172 0.315917 -0.944639 -0.739682 0.714357 -0.268552 -1.972222 1.614429
0.210667 0.280336 0.631611 -0.045337 0.065980 0.315677 -0.947096 -0.739854 0.721582 -0.264278 -1.972222 1.614429
0.210425 0.280017 0.631016 -0.045346 0.065789 0.315438 -0.949647 -0.739963 0.728904 -0.259875 -1.972222 1.614429
0.210183 0.279700 0.630422 -0.045353 0.065599 0.315198 -0.952274 -0.740010 0.736304 -0.255365 -1.972222 1.614429
0.209942 0.279383 0.629828 -0.045360 0.065410 0.314958 -0.954962 -0.740000 0.743767 -0.250768 -1.972222 1.614429
0.209701 0.279067 0.629235 -0.045366 0.065221 0.314718 -0.957704 -0.739932 0.751286 -0.246092 -1.972222 1.614429
0.209460 0.278753 0.628643 -0.045371 0.065033 0.314477 -0.960494 -0.739806 0.758856 -0.241343 -1.972222 1.614429
0.209221 0.278439 0.628051 -0.045375 0.064846 0.314237 -0.963329 -0.739622 0.766476 -0.236523 -1.972222 1.614429
0.208981 0.278127 0.627459 -0.045379 0.064660 0.313996 -0.966209 -0.739379 0.774143 -0.231632 -1.972222 1.614429
0.208742 0.277816 0.626869 -0.045382 0.064474 0.313755 -0.969132 -0.739075 0.781858 -0.226669 -1.972222 1.614429
0.208504 0.277505 0.626278 -0.045384 0.064289 0.313514 -0.972098 -0.738710 0.789620 -0.221634 -1.972222 1.614429
0.208266 0.277196 0.625689 -0.045385 0.064105 0.313272 -0.975106 -0.738281 0.797429 -0.216525 -1.972222 1.614429
0.208029 0.276888 0.625100 -0.045385 0.063921 0.313031 -0.978155 -0.737789 0.805286 -0.211341 -1.972222 1.614429
0.207792 0.276581 0.624511 -0.045385 0.063738 0.312789 -0.981246 -0.737231 0.813189 -0.206082 -1.972222 1.614429
0.207555 0.276275 0.623923 -0.045384 0.063556 0.312547 -0.984376 -0.736606 0.821140 -0.200745 -1.972222 1.614429
0.207319 0.275970 0.623336 -0.045382 0.063374 0.312305 -0.987547 -0.735913 0.829138 -0.195330 -1.972222 1.614429
0.207084 0.275666 0.622749 -0.045380 0.063194 0.312063 -0.990757 -0.735151 0.837184 -0.189834 -1.972222 1.614429
0.206849 0.275363 0.622162 -0.045376 0.063013 0.311821 -0.994005 -0.734317 0.845276 -0.184257 -1.972222 1.614429
0.206614 0.275061 0.621577 -0.045372 0.062834 0.311579 -0.997565 -0.733632 0.854415 -0.178607 -1.972222 1.614429
0.206380 0.274760 0.620991 -0.045367 0.062655 0.311336 -1.001410 -0.733031 0.864417 -0.172839 -1.972222 1.614429
0.206147 0.274461 0.620407 -0.045362 0.062477 0.311093 -1.005502 -0.732448 0.875073 -0.166920 -1.972222 1.614429
0.205914 0.274162 0.619823 -0.045356 0.062300 0.310850 -1.009786 -0.731811 0.886153 -0.160827 -1.972222 1.614429
0.205681 0.273864 0.619239 -0.045349 0.062123 0.310607 -1.014193 -0.731053 0.897400 -0.154546 -1.972222 1.614429
0.205449 0.273567 0.618656 -0.045341 0.061947 0.310364 -1.018707 -0.730159 0.908788 -0.148081 -1.972222 1.614429
0.205217 0.273271 0.618074 -0.045333 0.061772 0.310121 -1.023316 -0.729120 0.920297 -0.141433 -1.972222 1.614429
0.204986 0.272976 0.617492 -0.045324 0.061597 0.309878 -1.028010 -0.727928 0.931916 -0.134600 -1.972222 1.614429
0.204755 0.272682 0.616910 -0.045314 0.061423 0.309634 -1.032785 -0.726579 0.943640 -0.127581 -1.972222 1.614429
0.204525 0.272389 0.616330 -0.045304 0.061250 0.309390 -1.037637 -0.725065 0.955468 -0.120369 -1.972222 1.614429
0.204295 0.272097 0.615749 -0.045293 0.061077 0.309146 -1.042565 -0.723382 0.967398 -0.112960 -1.972222 1.614429
0.204066 0.271806 0.615170 -0.045281 0.060905 0.308903 -1.047566 -0.721523 0.979431 -0.105346 -1.972222 1.614429
0.203837 0.271515 0.614591 -0.045269 0.060734 0.308658 -1.052638 -0.719483 0.991568 -0.097520 -1.972222 1.614429
0.203608 0.271226 0.614012 -0.045256 0.060563 0.308414 -1.057778 -0.717254 1.003807 -0.089473 -1.972222 1.614429
0.203380 0.270938 0.613434 -0.045242 0.060393 0.308170 -1.062985 -0.714830 1.016151 -0.081198 -1.972222 1.614429
0.203153 0.270650 0.612856 -0.045228 0.060224 0.307926 -1.068256 -0.712204 1.028600 -0.072683 -1.972222 1.614429
0.202926 0.270364 0.612280 -0.045213 0.060055 0.307681 -1.073589 -0.709368 1.041155 -0.063919 -1.972222 1.614429
0.202699 0.270078 0.611703 -0.045198 0.059887 0.307436 -1.078981 -0.706312 1.053817 -0.054896 -1.972222 1.614429
0.202473 0.269793 0.611127 -0.045182 0.059719 0.307192 -1.084431 -0.703030 1.066586 -0.045599 -1.972222 1.614429
0.202247 0.269510 0.610552 -0.045165 0.059553 0.306947 -1.089934 -0.699510 1.079464 -0.036018 -1.972222 1.614429
0.202021 0.269227 0.609977 -0.045148 0.059387 0.306702 -1.095665 -0.696106 1.092101 -0.026502 -1.972222 1.614429
0.201796 0.268945 0.609403 -0.045130 0.059221 0.306457 -1.101565 -0.692740 1.104568 -0.016989 -1.972222 1.614429
0.201572 0.268664 0.608829 -0.045111 0.059056 0.306212 -1.107581 -0.689328 1.116943 -0.007400 -1.972222 1.614429
0.201348 0.268383 0.608256 -0.045092 0.058892 0.305967 -1.113666 -0.685776 1.129313 0.002362 -1.972222 1.614429
0.201124 0.268104 0.607684 -0.045072 0.058728 0.305721 -1.119778 -0.681979 1.141772 0.012415 -1.972222 1.614429
0.200901 0.267825 0.607112 -0.045052 0.058565 0.305476 -1.125927 -0.677911 1.154334 0.022804 -1.972222 1.614429
0.200678 0.267548 0.606540 -0.045031 0.058403 0.305230 -1.132118 -0.673545 1.167012 0.033573 -1.972222 1.614429
0.200456 0.267271 0.605969 -0.045009 0.058241 0.304985 -1.138356 -0.668857 1.179818 0.044766 -1.972222 1.614429
0.200234 0.266995 0.605399 -0.044987 0.058080 0.304739 -1.144644 -0.663821 1.192762 0.056425 -1.972222 1.614429
0.200013 0.266720 0.604829 -0.044965 0.057919 0.304493 -1.150982 -0.658409 1.205852 0.068596 -1.972222 1.614429
0.199792 0.266446 0.604260 -0.044942 0.057759 0.304248 -1.157373 -0.652589 1.219100 0.081331 -1.972222 1.614429
0.199571 0.266172 0.603691 -0.044918 0.057600 0.304002 -1.163816 -0.646325 1.232517 0.094689 -1.972222 1.614429
0.199351 0.265900 0.603123 -0.044893 0.057441 0.303756 -1.170314 -0.639576 1.246117 0.108737 -1.972222 1.614429
0.199131 0.265628 0.602555 -0.044869 0.057283 0.303510 -1.176868 -0.632293 1.259916 0.123560 -1.972222 1.614429
0.198912 0.265357 0.601988 -0.044843 0.057126 0.303264 -1.183481 -0.624414 1.273934 0.139256 -1.972222 1.614429
0.198693 0.265087 0.601421 -0.044817 0.056969 0.303018 -1.190159 -0.615867 1.288198 0.155948 -1.972222 1.614429
0.198475 0.264817 0.600855 -0.044791 0.056813 0.302771 -1.196907 -0.606561 1.302740 0.173790 -1.972222 1.614429
0.198256 0.264549 0.600290 -0.044764 0.056657 0.302525 -1.203734 -0.596378 1.317602 0.192978 -1.972222 1.614429
0.198039 0.264281 0.599725 -0.044737 0.056502 0.302279 -1.210654 -0.585167 1.332839 0.213771 -1.972222 1.614429
0.197822 0.264014 0.599160 -0.044709 0.056347 0.302032 -1.217685 -0.572721 1.348528 0.236516 -1.972222 1.614429
0.197605 0.263748 0.598596 -0.044680 0.056193 0.301786 -1.224878 -0.559348 1.365050 0.260696 -1.972222 1.614429
0.197388 0.263483 0.598033 -0.044651 0.056040 0.301539 -1.232261 -0.544571 1.382489 0.287112 -1.972222 1.614429
0.197172 0.263218 0.597470 -0.044622 0.055887 0.301293 -1.239889 -0.527665 1.401020 0.316997 -1.972222 1.614429
0.196957 0.262954 0.596908 -0.044592 0.055735 0.301046 -1.247868 -0.507410 1.420997 0.352422 -1.972222 1.614429
0.196741 0.262691 0.596346 -0.044561 0.055583 0.300800 -1.256407 -0.481456 1.443202 0.397406 -1.972222 1.614429
0.196527 0.262429 0.595785 -0.044530 0.055432 0.300553 -1.265983 -0.443983 1.469856 0.461918 -1.972222 1.614429
0.196312 0.262167 0.595224 -0.044499 0.055282 0.300306 -1.277590 -0.364255 1.512585 0.598767 -1.972222 1.614429
0.196098 0.261907 0.594664 -0.044467 0.055132 0.300059 -1.279883 -0.218115 1.581512 0.849673 -1.972222 1.614429
0.195885 0.261647 0.594105 -0.044434 0.054983 0.299812 -1.268953 -0.069657 1.654197 1.104743 -1.972222 1.614429
0.195671 0.261387 0.593546 -0.044402 0.054834 0.299566 -1.216277 0.113208 1.889743 1.430081 -1.822292 1.614429
0.195459 0.261129 0.592987 -0.044368 0.054686 0.299319 -1.124826 0.240817 2.220516 1.704266 -1.579636 1.614429
0.195246 0.260871 0.592429 -0.044334 0.054538 0.299072 -1.057571 0.314053 2.446119 1.870554 -1.402166 1.614428
0.195034 0.260614 0.591872 -0.044300 0.054391 0.298825 -1.015247 0.351773 2.576422 1.961246 -1.293595 1.614164
0.194823 0.260358 0.591315 -0.044265 0.054245 0.298578 -0.995018 0.364519 2.617946 1.996709 -1.255562 1.609074
0.194611 0.260102 0.590758 -0.044230 0.054099 0.298331 -0.988507 0.370250 2.618000 2.007286 -1.255479 1.606742
0.194400 0.259847 0.590202 -0.044195 0.053954 0.298084 -0.983598 0.371490 2.618000 2.008245 -1.261985 1.608998
0.194190 0.259593 0.589647 -0.044159 0.053809 0.297837 -0.978838 0.370944 2.618000 2.006342 -1.271649 1.611273
0.193980 0.259339 0.589092 -0.044122 0.053664 0.297590 -0.974094 0.369535 2.618000 2.003160 -1.282906 1.613490
0.193770 0.259087 0.588538 -0.044085 0.053521 0.297343 -0.969056 0.368144 2.618000 2.000737 -1.294359 1.614419
0.193561 0.258834 0.587984 -0.044048 0.053378 0.297095 -0.963800 0.366896 2.618000 1.999100 -1.305691 1.614426
0.193352 0.258583 0.587431 -0.044010 0.053235 0.296848 -0.959945 0.366584 2.618000 1.998454 -1.313991 1.614428
0.193144 0.258332 0.586878 -0.043972 0.053093 0.296601 -0.957190 0.367025 2.618000 1.998585 -1.319845 1.614428
0.192935 0.258082 0.586326 -0.043934 0.052951 0.296354 -0.955215 0.368002 2.618000 1.999249 -1.323934 1.614428
0.192728 0.257833 0.585774 -0.043895 0.052810 0.296107 -0.953677 0.369274 2.618000 2.000188 -1.327011 1.614428
0.192520 0.257584 0.585223 -0.043855 0.052670 0.295860 -0.952212 0.370587 2.618000 2.001147 -1.329887 1.614428
0.192313 0.257336 0.584673 -0.043816 0.052530 0.295612 -0.950789 0.371920 2.618000 2.002111 -1.332652 1.614429
0.192107 0.257089 0.584123 -0.043776 0.052390 0.295365 -0.949388 0.373262 2.618000 2.003074 -1.335363 1.614429
0.191901 0.256842 0.583573 -0.043735 0.052252 0.295118 -0.947996 0.374605 2.618000 2.004033 -1.338056 1.614429
0.191695 0.256596 0.583024 -0.043694 0.052113 0.294871 -0.946608 0.375946 2.618000 2.004984 -1.340745 1.614429
0.191489 0.256351 0.582476 -0.043653 0.051975 0.294624 -0.945223 0.377284 2.618000 2.005929 -1.343435 1.614429
0.191284 0.256106 0.581928 -0.043611 0.051838 0.294376 -0.943839 0.378620 2.618000 2.006867 -1.346128 1.614429
0.191079 0.255862 0.581380 -0.043569 0.051701 0.294129 -0.942457 0.379952 2.618000 2.007798 -1.348824 1.614429
0.190875 0.255619 0.580834 -0.043527 0.051565 0.293882 -0.941076 0.381281 2.618000 2.008723 -1.351525 1.614429
0.190671 0.255376 0.580287 -0.043484 0.051429 0.293635 -0.939695 0.382608 2.618000 2.009641 -1.354230 1.614429
0.190467 0.255134 0.579741 -0.043441 0.051294 0.293388 -0.938316 0.383931 2.618000 2.010552 -1.356939 1.614429
0.190264 0.254893 0.579196 -0.043397 0.051159 0.293140 -0.936937 0.385250 2.618000 2.011457 -1.359653 1.614429
0.190061 0.254652 0.578651 -0.043353 0.051025 0.292893 -0.935559 0.386567 2.618000 2.012356 -1.362371 1.614429
0.189859 0.254412 0.578107 -0.043309 0.050891 0.292646 -0.934182 0.387880 2.618000 2.013248 -1.365093 1.614429
0.189656 0.254172 0.577563 -0.043264 0.050758 0.292399 -0.932807 0.389190 2.618000 2.014133 -1.367820 1.614429
0.189455 0.253933 0.577020 -0.043219 0.050625 0.292152 -0.931432 0.390497 2.618000 2.015012 -1.370552 1.614429
0.189253 0.253695 0.576477 -0.043174 0.050493 0.291905 -0.929528 0.391634 2.618000 2.016069 -1.374703 1.614429
0.189052 0.253457 0.575935 -0.043128 0.050361 0.291658 -0.927200 0.392636 2.618000 2.017271 -1.379986 1.614429
0.188851 0.253220 0.575393 -0.043082 0.050230 0.291411 -0.924564 0.393538 2.618000 2.018579 -1.386084 1.614429
0.188651 0.252983 0.574852 -0.043036 0.050099 0.291164 -0.921749 0.394380 2.618000 2.019949 -1.392651 1.614429
0.188451 0.252747 0.574312 -0.042989 0.049969 0.290917 -0.918895 0.395204 2.618000 2.021331 -1.399316 1.614429
0.188251 0.252512 0.573772 -0.042942 0.049840 0.290670 -0.916023 0.396012 2.618000 2.022720 -1.406039 1.614429
0.188052 0.252277 0.573232 -0.042895 0.049710 0.290423 -0.913143 0.396807 2.618000 2.024111 -1.412794 1.614429
0.187853 0.252043 0.572693 -0.042848 0.049582 0.290176 -0.910263 0.397589 2.618000 2.025501 -1.419566 1.614429
0.187654 0.251809 0.572154 -0.042800 0.049453 0.289929 -0.907387 0.398358 2.618000 2.026888 -1.426347 1.614429
0.187456 0.251576 0.571616 -0.042751 0.049325 0.289682 -0.904516 0.399114 2.618000 2.028272 -1.433135 1.614429
0.187258 0.251344 0.571079 -0.042703 0.049198 0.289435 -0.901650 0.399858 2.618000 2.029653 -1.439930 1.614429
0.187061 0.251112 0.570542 -0.042654 0.049071 0.289188 -0.898791 0.400589 2.618000 2.031030 -1.446730 1.614429
0.186863 0.250881 0.570005 -0.042605 0.048945 0.288942 -0.895937 0.401308 2.618000 2.032405 -1.453537 1.614429
0.186667 0.250650 0.569470 -0.042556 0.048819 0.288695 -0.893089 0.402014 2.618000 2.033776 -1.460348 1.614429
0.186470 0.250420 0.568934 -0.042506 0.048694 0.288448 -0.890248 0.402708 2.618000 2.035145 -1.467165 1.614429
0.186274 0.250190 0.568399 -0.042456 0.048569 0.288202 -0.887414 0.403389 2.618000 2.036511 -1.473987 1.614429
0.186078 0.249961 0.567865 -0.042405 0.048444 0.287955 -0.884586 0.404058 2.618000 2.037874 -1.480814 1.614429
0.185883 0.249733 0.567331 -0.042355 0.048320 0.287708 -0.881764 0.404714 2.618000 2.039234 -1.487646 1.614429
0.185687 0.249505 0.566797 -0.042304 0.048197 0.287462 -0.878950 0.405358 2.618000 2.040591 -1.494483 1.614429
0.185493 0.249278 0.566265 -0.042253 0.048074 0.287215 -0.876142 0.405990 2.618000 2.041946 -1.501325 1.614429
